-52.2616157531738000
-49.7743377685547000
-47.2841377258301000
-44.7949104309082000
-42.3076324462891000
-39.8223114013672000
-37.3311309814453000
-34.8409271240234000
-32.3536491394042000
-29.8653964996338000
-27.3727550506592000
-24.8786468505859000
-22.3933258056641000
-19.9080009460449000
-17.4138927459717000
-14.9227142333984000
-12.4334869384766000
-9.9486513137817400
-7.4633269309997600
-4.9692201614379900
-2.4814560413360600
0.0102113001048565
2.5160303115844700
5.0159935951232900
7.5159573554992700
10.0115280151367000
12.5114917755127000
15.0065736770630000
17.5001945495605000
20.0001583099365000
22.5010967254639000
24.9966678619385000
27.4941921234131000
29.9941539764404000
32.4941215515137000
34.9940795898438000
37.4896545410156000
39.9896163940430000
42.4876289367676000
44.9802703857422000
47.4758453369141000
49.9679985046387000
52.4679603576660000
